k_in{10} = [29, 20; 44, 30];
k_in{11} = [29, 20; 44, 30];
k_in{12} = [29, 20; 44, 30];

k_in{13} = [12, 7; 18, 11];
k_in{14} = [12, 7; 18, 11];
k_in{15} = [12, 7; 18, 11];

k_in{16} = [3, 2, 6; 5, 3, 9]; 
k_in{17} = [3, 2, 6; 5, 3, 9]; 
k_in{18} = [3, 2, 6; 5, 3, 9]; 

k_in{19} = [20, 7, 13; 30, 10, 20];
k_in{20} = [20, 7, 13; 30, 10, 20];
k_in{21} = [20, 7, 13; 30, 10, 20];

k_in{22} = [13, 20; 20, 30];
k_in{23} = [13, 20; 20, 30];
k_in{24} = [13, 20; 20, 30];

k_in{25} = [37, 49; 56, 73];
k_in{26} = [37, 49; 56, 73];
k_in{27} = [37, 49; 56, 73];

49, 74; 49, 74; 49, 74; ...
    19, 29; 19, 29; 19, 29; ...
    11, 17; 11, 17; 11, 17; ...
    40, 60; 40, 60; 40, 60; ...
    33, 50; 33, 50; 33, 50; ...
    86, 129; 86, 129; 86, 129